-30  0.063  0.059  0.064  0.162
-29  0.073  0.070  0.072  0.178
-28  0.082  0.080  0.082  0.193
-27  0.092  0.090  0.091  0.209
-26  0.102  0.101  0.101  0.225
-25  0.111  0.111  0.111  0.241
-24  0.124  0.122  0.121  0.256
-23  0.142  0.132  0.130  0.272
-22  0.159  0.145  0.142  0.288
-21  0.176  0.164  0.157  0.303
-20  0.194  0.183  0.171  0.319
-19  0.211  0.202  0.186  0.334
-18  0.228  0.221  0.201  0.350
-17  0.247  0.242  0.216  0.365
-16  0.265  0.268  0.231  0.386
-15  0.283  0.293  0.255  0.413
-14  0.301  0.319  0.280  0.439
-13  0.320  0.344  0.304  0.466
-12  0.342  0.370  0.329  0.492
-11  0.366  0.395  0.353  0.529
-10  0.390  0.427  0.378  0.570
 -9  0.414  0.466  0.408  0.611
 -8  0.450  0.505  0.450  0.652
 -7  0.488  0.544  0.492  0.693
 -6  0.526  0.583  0.533  0.732
 -5  0.564  0.638  0.575  0.770
 -4  0.603  0.719  0.626  0.808
 -3  0.695  0.801  0.715  0.846
 -2  0.786  0.880  0.805  0.898
 -1  0.903  0.937  0.895  0.957
  0  1.014  0.994  0.980  1.016
  1  1.081  1.024  1.060  1.034
  2  1.148  1.050  1.111  1.034
  3  1.216  1.077  1.139  1.034
  4  1.280  1.105  1.167  1.034
  5  1.343  1.134  1.195  1.032
  6  1.406  1.163  1.223  1.027
  7  1.455  1.193  1.240  1.022
  8  1.503  1.222  1.255  1.017
  9  1.550  1.251  1.270  1.012
 10  1.597  1.280  1.278  1.005
 11  1.622  1.309  1.278  0.997
 12  1.643  1.338  1.278  0.990
 13  1.664  1.367  1.278  0.982
 14  1.684  1.395  1.276  0.976
 15  1.706  1.423  1.275  0.977
 16  1.727  1.451  1.273  0.978
 17  1.749  1.479  1.271  0.979
 18  1.770  1.507  1.269  0.980
 19  1.791  1.534  1.267  0.980
 20  1.812  1.562  1.265  0.980
 21  1.828  1.590  1.263  0.980
 22  1.843  1.619  1.261  0.980
 23  1.858  1.648  1.259  0.980
 24  1.873  1.677  1.257  0.980
 25  1.888  1.706  1.255  0.985
 26  1.903  1.735  1.253  0.997
 27  1.914  1.764  1.250  1.010
 28  1.925  1.793  1.246  1.022
 29  1.935  1.822  1.241  1.034
 30  1.946  1.851  1.237  1.046
 31  1.960  1.880  1.233  1.058
 32  1.973  1.909  1.229  1.070
 33  1.987  1.938  1.225  1.082
 34  2.000  1.967  1.221  1.094
 35  2.014  1.996  1.216  1.106
 36  2.028  2.025  1.211  1.118
 37  2.041  2.042  1.206  1.113
 38  2.055  2.042  1.200  1.109
 39  2.068  2.042  1.195  1.105
 40  2.082  2.042  1.190  1.100
